<<<<<<< HEAD
project,category,num_confs,confs,time_seq,time_parallel,price,min_failure_rate,max_failure_rate,score,period
rxjava2-extras_dot,1-0,,,,,,,,,0.03164505958557129
rxjava2-extras_dot,1-0.2,1.0,{'29CPU4Mem8GB.sh': 1},48.06425333333335,48.06425333333335,0.790977395688889,0.0,0.00666666666666671,0.3470476074137964,0.027897357940673828
rxjava2-extras_dot,1-0.4,1.0,{'29CPU4Mem8GB.sh': 1},48.06425333333335,48.06425333333335,0.790977395688889,0.0,0.00666666666666671,0.3470476074137964,0.02942824363708496
rxjava2-extras_dot,1-0.6,1.0,{'29CPU4Mem8GB.sh': 1},48.06425333333335,48.06425333333335,0.790977395688889,0.0,0.00666666666666671,0.3470476074137964,0.028580427169799805
rxjava2-extras_dot,1-0.8,1.0,{'29CPU4Mem8GB.sh': 1},48.06425333333335,48.06425333333335,0.790977395688889,0.0,0.00666666666666671,0.3470476074137964,0.030151844024658203
rxjava2-extras_dot,1-1,1.0,{'29CPU4Mem8GB.sh': 1},48.06425333333335,48.06425333333335,0.790977395688889,0.0,0.00666666666666671,0.3470476074137964,0.029294252395629883
rxjava2-extras_dot,2-0,2.0,"{'28CPU2Mem16GB.sh': 1, '29CPU4Mem8GB.sh': 1}",52.13754210290831,26.09561411633113,0.7594848569909776,0.0,0.0,0.3764587606877849,0.09419059753417969
rxjava2-extras_dot,2-0.2,1.0,{'29CPU4Mem8GB.sh': 2},50.9027274496645,25.56558333333335,0.8376892180633122,0.0,0.00666666666666671,0.3675427900591397,0.11458754539489746
rxjava2-extras_dot,2-0.4,1.0,{'29CPU4Mem8GB.sh': 2},50.9027274496645,25.56558333333335,0.8376892180633122,0.0,0.00666666666666671,0.3675427900591397,0.11593866348266602
rxjava2-extras_dot,2-0.6,1.0,{'29CPU4Mem8GB.sh': 2},50.9027274496645,25.56558333333335,0.8376892180633122,0.0,0.00666666666666671,0.3675427900591397,0.10826849937438965
rxjava2-extras_dot,2-0.8,1.0,{'29CPU4Mem8GB.sh': 2},50.9027274496645,25.56558333333335,0.8376892180633122,0.0,0.00666666666666671,0.3675427900591397,0.11269640922546387
rxjava2-extras_dot,2-1,1.0,{'29CPU4Mem8GB.sh': 2},50.9027274496645,25.56558333333335,0.8376892180633122,0.0,0.00666666666666671,0.3675427900591397,0.11557459831237793
rxjava2-extras_dot,4-0,2.0,"{'28CPU2Mem16GB.sh': 1, '29CPU4Mem8GB.sh': 3}",57.9069403355706,17.52727744966449,0.9044388150731565,0.0,0.0,0.4181166605614574,0.3447737693786621
rxjava2-extras_dot,4-0.2,1.0,{'29CPU4Mem8GB.sh': 4},56.5796756823268,16.98808744966449,0.9311128628121579,0.0,0.00666666666666671,0.4085331553498262,0.2567627429962158
rxjava2-extras_dot,4-0.4,1.0,{'29CPU4Mem8GB.sh': 4},56.5796756823268,16.98808744966449,0.9311128628121579,0.0,0.00666666666666671,0.4085331553498262,0.2568185329437256
rxjava2-extras_dot,4-0.6,1.0,{'29CPU4Mem8GB.sh': 4},56.5796756823268,16.98808744966449,0.9311128628121579,0.0,0.00666666666666671,0.4085331553498262,0.25479555130004883
rxjava2-extras_dot,4-0.8,1.0,{'29CPU4Mem8GB.sh': 4},56.5796756823268,16.98808744966449,0.9311128628121579,0.0,0.00666666666666671,0.4085331553498262,0.27814793586730957
rxjava2-extras_dot,4-1,1.0,{'29CPU4Mem8GB.sh': 4},56.5796756823268,16.98808744966449,0.9311128628121579,0.0,0.00666666666666671,0.4085331553498262,0.27909421920776367
rxjava2-extras_dot,6-0,2.0,"{'28CPU2Mem16GB.sh': 1, '29CPU4Mem8GB.sh': 5}",62.70838856823288,13.849290782997812,0.9964217204886687,0.0,0.0,0.45278548418200487,0.43833303451538086
rxjava2-extras_dot,6-0.2,1.0,{'29CPU4Mem8GB.sh': 6},62.256623914989085,13.735064116331143,1.0245365075610036,0.0,0.00666666666666671,0.4495235206405126,0.3550543785095215
rxjava2-extras_dot,6-0.4,1.0,{'29CPU4Mem8GB.sh': 6},62.256623914989085,13.735064116331143,1.0245365075610036,0.0,0.00666666666666671,0.4495235206405126,0.35745835304260254
rxjava2-extras_dot,6-0.6,1.0,{'29CPU4Mem8GB.sh': 6},62.256623914989085,13.735064116331143,1.0245365075610036,0.0,0.00666666666666671,0.4495235206405126,0.31763505935668945
rxjava2-extras_dot,6-0.8,1.0,{'29CPU4Mem8GB.sh': 6},62.256623914989085,13.735064116331143,1.0245365075610036,0.0,0.00666666666666671,0.4495235206405126,0.34514856338500977
rxjava2-extras_dot,6-1,1.0,{'29CPU4Mem8GB.sh': 6},62.256623914989085,13.735064116331143,1.0245365075610036,0.0,0.00666666666666671,0.4495235206405126,0.3580436706542969
rxjava2-extras_dot,8-0,2.0,"{'28CPU2Mem16GB.sh': 1, '29CPU4Mem8GB.sh': 7}",68.41436346756184,12.853824116331143,1.094629338304181,0.0,0.0,0.49398543631778397,0.7092571258544922
rxjava2-extras_dot,8-0.2,1.0,{'29CPU4Mem8GB.sh': 8},67.93357214765136,12.75528078299781,1.1179601523098492,0.0,0.00666666666666671,0.49051388593119893,0.44206714630126953
rxjava2-extras_dot,8-0.4,1.0,{'29CPU4Mem8GB.sh': 8},67.93357214765136,12.75528078299781,1.1179601523098492,0.0,0.00666666666666671,0.49051388593119893,0.39400148391723633
rxjava2-extras_dot,8-0.6,1.0,{'29CPU4Mem8GB.sh': 8},67.93357214765136,12.75528078299781,1.1179601523098492,0.0,0.00666666666666671,0.49051388593119893,0.4601936340332031
rxjava2-extras_dot,8-0.8,1.0,{'29CPU4Mem8GB.sh': 8},67.93357214765136,12.75528078299781,1.1179601523098492,0.0,0.00666666666666671,0.49051388593119893,0.424680233001709
rxjava2-extras_dot,8-1,1.0,{'29CPU4Mem8GB.sh': 8},67.93357214765136,12.75528078299781,1.1179601523098492,0.0,0.00666666666666671,0.49051388593119893,0.3840012550354004
rxjava2-extras_dot,10-0,2.0,"{'28CPU2Mem16GB.sh': 1, '29CPU4Mem8GB.sh': 9}",74.03662503355744,12.510200782997812,1.1919860671974711,0.0,0.0,0.5345809369115722,0.7280607223510742
rxjava2-extras_dot,10-0.2,1.0,{'29CPU4Mem8GB.sh': 10},73.61052038031364,12.469700782997812,1.2113837970586951,0.0,0.00666666666666671,0.5315042512218854,0.48204755783081055
rxjava2-extras_dot,10-0.4,1.0,{'29CPU4Mem8GB.sh': 10},73.61052038031364,12.469700782997812,1.2113837970586951,0.0,0.00666666666666671,0.5315042512218854,0.4803485870361328
rxjava2-extras_dot,10-0.6,1.0,{'29CPU4Mem8GB.sh': 10},73.61052038031364,12.469700782997812,1.2113837970586951,0.0,0.00666666666666671,0.5315042512218854,0.41115880012512207
rxjava2-extras_dot,10-0.8,1.0,{'29CPU4Mem8GB.sh': 10},73.61052038031364,12.469700782997812,1.2113837970586951,0.0,0.00666666666666671,0.5315042512218854,0.48073530197143555
rxjava2-extras_dot,10-1,1.0,{'29CPU4Mem8GB.sh': 10},73.61052038031364,12.469700782997812,1.2113837970586951,0.0,0.00666666666666671,0.5315042512218854,0.47016263008117676
rxjava2-extras_dot,12-0,2.0,"{'28CPU2Mem16GB.sh': 1, '29CPU4Mem8GB.sh': 11}",79.7086399328864,12.345354116331144,1.2936802340574283,0.0,0.0,0.5755356811031845,0.9359176158905029
rxjava2-extras_dot,12-0.2,1.0,{'29CPU4Mem8GB.sh': 12},79.28746861297594,12.315934116331144,1.3048074418075406,0.0,0.00666666666666671,0.5724946165125718,0.47757673263549805
rxjava2-extras_dot,12-0.4,1.0,{'29CPU4Mem8GB.sh': 12},79.28746861297594,12.315934116331144,1.3048074418075406,0.0,0.00666666666666671,0.5724946165125718,0.4619171619415283
rxjava2-extras_dot,12-0.6,1.0,{'29CPU4Mem8GB.sh': 12},79.28746861297594,12.315934116331144,1.3048074418075406,0.0,0.00666666666666671,0.5724946165125718,0.5232815742492676
rxjava2-extras_dot,12-0.8,1.0,{'29CPU4Mem8GB.sh': 12},79.28746861297594,12.315934116331144,1.3048074418075406,0.0,0.00666666666666671,0.5724946165125718,0.4770193099975586
rxjava2-extras_dot,12-1,1.0,{'29CPU4Mem8GB.sh': 12},79.28746861297594,12.315934116331144,1.3048074418075406,0.0,0.00666666666666671,0.5724946165125718,0.454334020614624
=======
project,category,num_confs,confs,time_seq,time_parallel,price,min_failure_rate,max_failure_rate,period
rxjava2-extras_dot,1-0,,,,,,,,0.049404144287109375
rxjava2-extras_dot,1-0.2,1.0,{'29CPU4Mem8GB.sh': 1},48.06425333333335,48.06425333333335,0.790977395688889,0.0,0.00666666666666671,0.04683065414428711
rxjava2-extras_dot,1-0.4,1.0,{'29CPU4Mem8GB.sh': 1},48.06425333333335,48.06425333333335,0.790977395688889,0.0,0.00666666666666671,0.045232295989990234
rxjava2-extras_dot,1-0.6,1.0,{'29CPU4Mem8GB.sh': 1},48.06425333333335,48.06425333333335,0.790977395688889,0.0,0.00666666666666671,0.047643184661865234
rxjava2-extras_dot,1-0.8,1.0,{'29CPU4Mem8GB.sh': 1},48.06425333333335,48.06425333333335,0.790977395688889,0.0,0.00666666666666671,0.04532217979431152
rxjava2-extras_dot,1-1,1.0,{'29CPU4Mem8GB.sh': 1},48.06425333333335,48.06425333333335,0.790977395688889,0.0,0.00666666666666671,0.04488039016723633
rxjava2-extras_dot,2-0,2.0,"{'28CPU2Mem16GB.sh': 1, '29CPU4Mem8GB.sh': 1}",52.13754210290831,26.09561411633113,0.7594848569909776,0.0,0.0,0.13573193550109863
rxjava2-extras_dot,2-0.2,1.0,{'29CPU4Mem8GB.sh': 2},50.9027274496645,25.56558333333335,0.8376892180633122,0.0,0.00666666666666671,0.1703331470489502
rxjava2-extras_dot,2-0.4,1.0,{'29CPU4Mem8GB.sh': 2},50.9027274496645,25.56558333333335,0.8376892180633122,0.0,0.00666666666666671,0.1720902919769287
rxjava2-extras_dot,2-0.6,1.0,{'29CPU4Mem8GB.sh': 2},50.9027274496645,25.56558333333335,0.8376892180633122,0.0,0.00666666666666671,0.171875
rxjava2-extras_dot,2-0.8,1.0,{'29CPU4Mem8GB.sh': 2},50.9027274496645,25.56558333333335,0.8376892180633122,0.0,0.00666666666666671,0.1739513874053955
rxjava2-extras_dot,2-1,1.0,{'29CPU4Mem8GB.sh': 2},50.9027274496645,25.56558333333335,0.8376892180633122,0.0,0.00666666666666671,0.17588400840759277
rxjava2-extras_dot,4-0,2.0,"{'28CPU2Mem16GB.sh': 1, '29CPU4Mem8GB.sh': 3}",57.9069403355706,17.52727744966449,0.9044388150731565,0.0,0.0,0.4684455394744873
rxjava2-extras_dot,4-0.2,1.0,{'29CPU4Mem8GB.sh': 4},56.5796756823268,16.98808744966449,0.9311128628121579,0.0,0.00666666666666671,0.3523409366607666
rxjava2-extras_dot,4-0.4,1.0,{'29CPU4Mem8GB.sh': 4},56.5796756823268,16.98808744966449,0.9311128628121579,0.0,0.00666666666666671,0.35561418533325195
rxjava2-extras_dot,4-0.6,1.0,{'29CPU4Mem8GB.sh': 4},56.5796756823268,16.98808744966449,0.9311128628121579,0.0,0.00666666666666671,0.35709404945373535
rxjava2-extras_dot,4-0.8,1.0,{'29CPU4Mem8GB.sh': 4},56.5796756823268,16.98808744966449,0.9311128628121579,0.0,0.00666666666666671,0.377887487411499
rxjava2-extras_dot,4-1,1.0,{'29CPU4Mem8GB.sh': 4},56.5796756823268,16.98808744966449,0.9311128628121579,0.0,0.00666666666666671,0.3915219306945801
rxjava2-extras_dot,6-0,2.0,"{'28CPU2Mem16GB.sh': 1, '29CPU4Mem8GB.sh': 5}",62.70838856823288,13.849290782997812,0.9964217204886687,0.0,0.0,0.6595025062561035
rxjava2-extras_dot,6-0.2,1.0,{'29CPU4Mem8GB.sh': 6},62.256623914989085,13.735064116331143,1.0245365075610036,0.0,0.00666666666666671,0.5571556091308594
rxjava2-extras_dot,6-0.4,1.0,{'29CPU4Mem8GB.sh': 6},62.256623914989085,13.735064116331143,1.0245365075610036,0.0,0.00666666666666671,0.5190606117248535
rxjava2-extras_dot,6-0.6,1.0,{'29CPU4Mem8GB.sh': 6},62.256623914989085,13.735064116331143,1.0245365075610036,0.0,0.00666666666666671,0.44074273109436035
rxjava2-extras_dot,6-0.8,1.0,{'29CPU4Mem8GB.sh': 6},62.256623914989085,13.735064116331143,1.0245365075610036,0.0,0.00666666666666671,0.469465970993042
rxjava2-extras_dot,6-1,1.0,{'29CPU4Mem8GB.sh': 6},62.256623914989085,13.735064116331143,1.0245365075610036,0.0,0.00666666666666671,0.48883628845214844
rxjava2-extras_dot,8-0,2.0,"{'28CPU2Mem16GB.sh': 1, '29CPU4Mem8GB.sh': 7}",68.41436346756184,12.853824116331143,1.094629338304181,0.0,0.0,0.9709904193878174
rxjava2-extras_dot,8-0.2,1.0,{'29CPU4Mem8GB.sh': 8},67.93357214765136,12.75528078299781,1.1179601523098492,0.0,0.00666666666666671,0.6038362979888916
rxjava2-extras_dot,8-0.4,1.0,{'29CPU4Mem8GB.sh': 8},67.93357214765136,12.75528078299781,1.1179601523098492,0.0,0.00666666666666671,0.5552041530609131
rxjava2-extras_dot,8-0.6,1.0,{'29CPU4Mem8GB.sh': 8},67.93357214765136,12.75528078299781,1.1179601523098492,0.0,0.00666666666666671,0.5920546054840088
rxjava2-extras_dot,8-0.8,1.0,{'29CPU4Mem8GB.sh': 8},67.93357214765136,12.75528078299781,1.1179601523098492,0.0,0.00666666666666671,0.5825753211975098
rxjava2-extras_dot,8-1,1.0,{'29CPU4Mem8GB.sh': 8},67.93357214765136,12.75528078299781,1.1179601523098492,0.0,0.00666666666666671,0.5174481868743896
rxjava2-extras_dot,10-0,2.0,"{'28CPU2Mem16GB.sh': 1, '29CPU4Mem8GB.sh': 9}",74.03662503355744,12.510200782997812,1.1919860671974711,0.0,0.0,0.97747802734375
rxjava2-extras_dot,10-0.2,1.0,{'29CPU4Mem8GB.sh': 10},73.61052038031364,12.469700782997812,1.2113837970586951,0.0,0.00666666666666671,0.7022511959075928
rxjava2-extras_dot,10-0.4,1.0,{'29CPU4Mem8GB.sh': 10},73.61052038031364,12.469700782997812,1.2113837970586951,0.0,0.00666666666666671,0.6588165760040283
rxjava2-extras_dot,10-0.6,1.0,{'29CPU4Mem8GB.sh': 10},73.61052038031364,12.469700782997812,1.2113837970586951,0.0,0.00666666666666671,0.5453624725341797
rxjava2-extras_dot,10-0.8,1.0,{'29CPU4Mem8GB.sh': 10},73.61052038031364,12.469700782997812,1.2113837970586951,0.0,0.00666666666666671,0.6149723529815674
rxjava2-extras_dot,10-1,1.0,{'29CPU4Mem8GB.sh': 10},73.61052038031364,12.469700782997812,1.2113837970586951,0.0,0.00666666666666671,0.6217427253723145
rxjava2-extras_dot,12-0,2.0,"{'28CPU2Mem16GB.sh': 1, '29CPU4Mem8GB.sh': 11}",79.7086399328864,12.345354116331144,1.2936802340574283,0.0,0.0,1.196805715560913
rxjava2-extras_dot,12-0.2,1.0,{'29CPU4Mem8GB.sh': 12},79.28746861297594,12.315934116331144,1.3048074418075406,0.0,0.00666666666666671,0.6257574558258057
rxjava2-extras_dot,12-0.4,1.0,{'29CPU4Mem8GB.sh': 12},79.28746861297594,12.315934116331144,1.3048074418075406,0.0,0.00666666666666671,0.6196489334106445
rxjava2-extras_dot,12-0.6,1.0,{'29CPU4Mem8GB.sh': 12},79.28746861297594,12.315934116331144,1.3048074418075406,0.0,0.00666666666666671,0.6759147644042969
rxjava2-extras_dot,12-0.8,1.0,{'29CPU4Mem8GB.sh': 12},79.28746861297594,12.315934116331144,1.3048074418075406,0.0,0.00666666666666671,0.6736588478088379
rxjava2-extras_dot,12-1,1.0,{'29CPU4Mem8GB.sh': 12},79.28746861297594,12.315934116331144,1.3048074418075406,0.0,0.00666666666666671,0.6341686248779297
>>>>>>> 6668f0b8d63500d4320a9af8132251db505fb246
